850
568 850 1
568 849 1
568 848 1
568 847 1
568 846 1
568 845 1
568 844 1
568 843 1
568 842 1
568 841 1
568 840 1
568 839 1
568 838 1
568 837 1
568 836 1
568 835 1
568 834 1
568 833 1
568 832 1
568 831 1
568 830 1
568 829 1
568 828 1
568 827 1
568 826 1
568 825 1
568 824 1
568 823 1
568 822 1
568 821 1
568 820 1
568 819 1
568 818 1
568 817 1
568 816 1
568 815 1
568 814 1
568 813 1
568 812 1
568 811 1
568 810 1
568 809 1
568 808 1
568 807 1
568 806 1
568 805 1
568 804 1
568 803 1
568 802 1
568 801 1
568 800 1
568 799 1
568 798 1
568 797 1
568 796 1
568 795 1
568 794 1
568 793 1
568 792 1
568 791 1
568 790 1
568 789 1
568 788 1
568 787 1
568 786 1
568 785 1
568 784 1
568 783 1
568 782 1
568 781 1
568 780 1
568 779 1
568 778 1
568 777 1
568 776 1
568 775 1
568 774 1
568 773 1
568 772 1
568 771 1
568 770 1
568 769 1
568 768 1
568 767 1
568 766 1
568 765 1
568 764 1
568 763 1
568 762 1
568 761 1
568 760 1
568 759 1
568 758 1
568 757 1
568 756 1
568 755 1
568 754 1
568 753 1
568 752 1
568 751 1
568 750 1
568 749 1
568 748 1
568 747 1
568 746 1
568 745 1
568 744 1
568 743 1
568 742 1
568 741 1
568 740 1
568 739 1
568 738 1
568 737 1
568 736 1
568 735 1
568 734 1
568 733 1
568 732 1
568 731 1
568 730 1
568 729 1
568 728 1
568 727 1
568 726 1
568 725 1
568 724 1
568 723 1
568 722 1
568 721 1
568 720 1
568 719 1
568 718 1
568 717 1
568 716 1
568 715 1
568 714 1
568 713 1
568 712 1
568 711 1
568 710 1
568 709 1
568 708 1
568 707 1
568 706 1
568 705 1
568 704 1
568 703 1
568 702 1
568 701 1
568 700 1
568 699 1
568 698 1
568 697 1
568 696 1
568 695 1
568 694 1
568 693 1
568 692 1
568 691 1
568 690 1
568 689 1
568 688 1
568 687 1
568 686 1
568 685 1
568 684 1
568 683 1
568 682 1
568 681 1
568 680 1
568 679 1
568 678 1
568 677 1
568 676 1
568 675 1
568 674 1
568 673 1
568 672 1
568 671 1
568 670 1
568 669 1
568 668 1
568 667 1
568 666 1
568 665 1
568 664 1
568 663 1
568 662 1
568 661 1
568 660 1
568 659 1
568 658 1
568 657 1
568 656 1
568 655 1
568 654 1
568 653 1
568 652 1
568 651 1
568 650 1
568 649 1
568 648 1
568 647 1
568 646 1
568 645 1
568 644 1
568 643 1
568 642 1
568 641 1
568 640 1
568 639 1
568 638 1
568 637 1
568 636 1
568 635 1
568 634 1
568 633 1
568 632 1
568 631 1
568 630 1
568 629 1
568 628 1
568 627 1
568 626 1
568 625 1
568 624 1
568 623 1
568 622 1
568 621 1
568 620 1
568 619 1
568 618 1
568 617 1
568 616 1
568 615 1
568 614 1
568 613 1
568 612 1
568 611 1
568 610 1
568 609 1
568 608 1
568 607 1
568 606 1
568 605 1
568 604 1
568 603 1
568 602 1
568 601 1
568 600 1
568 599 1
568 598 1
568 597 1
568 596 1
568 595 1
568 594 1
568 593 1
568 592 1
568 591 1
568 590 1
568 589 1
568 588 1
568 587 1
568 586 1
568 585 1
568 584 1
568 583 1
568 582 1
568 581 1
568 580 1
568 579 1
568 578 1
568 577 1
568 576 1
568 575 1
568 574 1
568 573 1
568 572 1
568 571 1
568 570 1
568 569 1
284 568 1
285 567 1
285 566 1
285 565 1
285 564 1
285 563 1
285 562 1
285 561 1
285 560 1
285 559 1
285 558 1
285 557 1
285 556 1
285 555 1
285 554 1
285 553 1
285 552 1
285 551 1
285 550 1
285 549 1
285 548 1
285 547 1
285 546 1
285 545 1
285 544 1
285 543 1
285 542 1
285 541 1
285 540 1
285 539 1
285 538 1
285 537 1
285 536 1
285 535 1
285 534 1
285 533 1
285 532 1
285 531 1
285 530 1
285 529 1
285 528 1
285 527 1
285 526 1
285 525 1
285 524 1
285 523 1
285 522 1
285 521 1
285 520 1
285 519 1
285 518 1
285 517 1
285 516 1
285 515 1
285 514 1
285 513 1
285 512 1
285 511 1
285 510 1
285 509 1
285 508 1
285 507 1
285 506 1
285 505 1
285 504 1
285 503 1
285 502 1
285 501 1
285 500 1
285 499 1
285 498 1
285 497 1
285 496 1
285 495 1
285 494 1
285 493 1
285 492 1
285 491 1
285 490 1
285 489 1
285 488 1
285 487 1
285 486 1
285 485 1
285 484 1
285 483 1
285 482 1
285 481 1
285 480 1
285 479 1
285 478 1
285 477 1
285 476 1
285 475 1
285 474 1
285 473 1
285 472 1
285 471 1
285 470 1
285 469 1
285 468 1
285 467 1
285 466 1
285 465 1
285 464 1
285 463 1
285 462 1
285 461 1
285 460 1
285 459 1
285 458 1
285 457 1
285 456 1
285 455 1
285 454 1
285 453 1
285 452 1
285 451 1
285 450 1
285 449 1
285 448 1
285 447 1
285 446 1
285 445 1
285 444 1
285 443 1
285 442 1
285 441 1
285 440 1
285 439 1
285 438 1
285 437 1
285 436 1
285 435 1
285 434 1
285 433 1
285 432 1
285 431 1
285 430 1
285 429 1
285 428 1
285 427 1
285 426 1
285 425 1
285 424 1
285 423 1
285 422 1
285 421 1
285 420 1
285 419 1
285 418 1
285 417 1
285 416 1
285 415 1
285 414 1
285 413 1
285 412 1
285 411 1
285 410 1
285 409 1
285 408 1
285 407 1
285 406 1
285 405 1
285 404 1
285 403 1
285 402 1
285 401 1
285 400 1
285 399 1
285 398 1
285 397 1
285 396 1
285 395 1
285 394 1
285 393 1
285 392 1
285 391 1
285 390 1
285 389 1
285 388 1
285 387 1
285 386 1
285 385 1
285 384 1
285 383 1
285 382 1
285 381 1
285 380 1
285 379 1
285 378 1
285 377 1
285 376 1
285 375 1
285 374 1
285 373 1
285 372 1
285 371 1
285 370 1
285 369 1
285 368 1
285 367 1
285 366 1
285 365 1
285 364 1
285 363 1
285 362 1
285 361 1
285 360 1
285 359 1
285 358 1
285 357 1
285 356 1
285 355 1
285 354 1
285 353 1
285 352 1
285 351 1
285 350 1
285 349 1
285 348 1
285 347 1
285 346 1
285 345 1
285 344 1
285 343 1
285 342 1
285 341 1
285 340 1
285 339 1
285 338 1
285 337 1
285 336 1
285 335 1
285 334 1
285 333 1
285 332 1
285 331 1
285 330 1
285 329 1
285 328 1
285 327 1
285 326 1
285 325 1
285 324 1
285 323 1
285 322 1
285 321 1
285 320 1
285 319 1
285 318 1
285 317 1
285 316 1
285 315 1
285 314 1
285 313 1
285 312 1
285 311 1
285 310 1
285 309 1
285 308 1
285 307 1
285 306 1
285 305 1
285 304 1
285 303 1
285 302 1
285 301 1
285 300 1
285 299 1
285 298 1
285 297 1
285 296 1
285 295 1
285 294 1
285 293 1
285 292 1
285 291 1
285 290 1
285 289 1
285 288 1
285 287 1
285 286 1
284 285 1
95 284 1
190 283 1
190 282 1
190 281 1
190 280 1
190 279 1
190 278 1
190 277 1
190 276 1
190 275 1
190 274 1
190 273 1
190 272 1
190 271 1
190 270 1
190 269 1
190 268 1
190 267 1
190 266 1
190 265 1
190 264 1
190 263 1
190 262 1
190 261 1
190 260 1
190 259 1
190 258 1
190 257 1
190 256 1
190 255 1
190 254 1
190 253 1
190 252 1
190 251 1
190 250 1
190 249 1
190 248 1
190 247 1
190 246 1
190 245 1
190 244 1
190 243 1
190 242 1
190 241 1
190 240 1
190 239 1
190 238 1
190 237 1
190 236 1
190 235 1
190 234 1
190 233 1
190 232 1
190 231 1
190 230 1
190 229 1
190 228 1
190 227 1
190 226 1
190 225 1
190 224 1
190 223 1
190 222 1
190 221 1
190 220 1
190 219 1
190 218 1
190 217 1
190 216 1
190 215 1
190 214 1
190 213 1
190 212 1
190 211 1
190 210 1
190 209 1
190 208 1
190 207 1
190 206 1
190 205 1
190 204 1
190 203 1
190 202 1
190 201 1
190 200 1
190 199 1
190 198 1
190 197 1
190 196 1
190 195 1
190 194 1
190 193 1
190 192 1
190 191 1
95 190 1
96 189 1
96 188 1
96 187 1
96 186 1
96 185 1
96 184 1
96 183 1
96 182 1
96 181 1
96 180 1
96 179 1
96 178 1
96 177 1
96 176 1
96 175 1
96 174 1
96 173 1
96 172 1
96 171 1
96 170 1
96 169 1
96 168 1
96 167 1
96 166 1
96 165 1
96 164 1
96 163 1
96 162 1
96 161 1
96 160 1
96 159 1
96 158 1
96 157 1
96 156 1
96 155 1
96 154 1
96 153 1
96 152 1
96 151 1
96 150 1
96 149 1
96 148 1
96 147 1
96 146 1
96 145 1
96 144 1
96 143 1
96 142 1
96 141 1
96 140 1
96 139 1
96 138 1
96 137 1
96 136 1
96 135 1
96 134 1
96 133 1
96 132 1
96 131 1
96 130 1
96 129 1
96 128 1
96 127 1
96 126 1
96 125 1
96 124 1
96 123 1
96 122 1
96 121 1
96 120 1
96 119 1
96 118 1
96 117 1
96 116 1
96 115 1
96 114 1
96 113 1
96 112 1
96 111 1
96 110 1
96 109 1
96 108 1
96 107 1
96 106 1
96 105 1
96 104 1
96 103 1
96 102 1
96 101 1
96 100 1
96 99 1
96 98 1
96 97 1
95 96 1
32 95 1
64 94 1
64 93 1
64 92 1
64 91 1
64 90 1
64 89 1
64 88 1
64 87 1
64 86 1
64 85 1
64 84 1
64 83 1
64 82 1
64 81 1
64 80 1
64 79 1
64 78 1
64 77 1
64 76 1
64 75 1
64 74 1
64 73 1
64 72 1
64 71 1
64 70 1
64 69 1
64 68 1
64 67 1
64 66 1
64 65 1
32 64 1
33 63 1
33 62 1
33 61 1
33 60 1
33 59 1
33 58 1
33 57 1
33 56 1
33 55 1
33 54 1
33 53 1
33 52 1
33 51 1
33 50 1
33 49 1
33 48 1
33 47 1
33 46 1
33 45 1
33 44 1
33 43 1
33 42 1
33 41 1
33 40 1
33 39 1
33 38 1
33 37 1
33 36 1
33 35 1
33 34 1
32 33 1
11 32 1
22 31 1
22 30 1
22 29 1
22 28 1
22 27 1
22 26 1
22 25 1
22 24 1
22 23 1
11 22 1
12 21 1
12 20 1
12 19 1
12 18 1
12 17 1
12 16 1
12 15 1
12 14 1
12 13 1
11 12 1
4 11 1
8 10 1
8 9 1
4 8 1
5 7 1
5 6 1
4 5 1
1 4 1
1 3 2
1 2 1
1
1
1
1
1
1
1
1
1
1
1
1