100
19 2
3 3
28 6
21 8
23 3
29 16
9 3
20 13
2 0
30 21
25 23
18 3
6 2
3 3
16 13
0 0
0 0
27 23
1 0
26 24
21 16
24 9
25 3
7 7
21 5
10 4
24 2
20 17
11 1
26 23
12 5
18 15
7 3
15 1
3 2
7 7
22 16
17 4
1 0
4 2
0 0
25 19
13 7
21 14
16 1
27 14
5 1
14 8
11 11
20 2
29 25
27 25
25 23
9 2
0 0
6 1
28 8
14 12
3 1
27 20
25 10
17 10
17 15
24 11
10 9
12 4
13 11
3 3
14 2
17 1
8 8
14 0
8 2
18 16
7 7
19 18
22 17
8 4
29 3
16 10
23 22
16 12
1 0
23 17
11 7
2 0
11 4
10 8
2 1
14 10
7 5
12 12
2 2
30 7
0 0
6 3
2 0
29 8
24 14
10 3