100
14 10
10 0
3 1
2 1
8 3
12 1
0 0
14 11
17 5
8 6
8 7
25 2
21 16
26 19
28 15
29 17
30 15
1 1
13 8
17 13
23 4
24 19
29 1
10 4
20 10
5 4
25 23
14 6
0 0
29 5
14 8
18 4
29 8
24 9
3 2
1 0
23 9
0 0
3 1
2 2
5 2
18 7
19 10
15 11
1 0
1 1
9 7
9 4
13 12
24 23
28 7
16 8
13 0
18 12
24 19
10 9
11 0
20 17
9 4
3 0
6 1
19 11
22 3
26 21
7 6
25 6
23 5
0 0
12 10
10 6
21 3
1 0
25 1
2 1
11 8
11 1
13 5
28 15
15 2
21 14
12 11
7 4
9 9
2 2
16 10
18 18
2 2
24 23
23 20
10 1
11 4
25 4
7 4
30 29
24 20
26 24
4 4
25 23
24 12
11 2