99
208527
-309134
-65955
22865
829892
-654072
162152
-102658
-522301
896170
-502590
509917
80085
80085
902657
601629
182029
-807689
-78027
26735
170629
648184
955123
-620515
-893932
456211
-128446
-997524
-569292
-876950
-662811
49736
372017
-604058
-686911
846862
436023
540255
-304108
12440
-634427
-799496
864085
592775
621313
18025
58044
951915
-620201
332117
988455
-761423
513542
684666
80085
-364128
896858
80085
-994116
-709242
377123
-256402
80085
-452455
80085
752170
630518
974809
-69834
-681
856253
904618
296123
80085
80085
776114
-626427
80085
-504359
581999
-69385
-10715
-928850
-964872
-715404
-904946
798856
36560
952967
72269
-620225
595436
-261329
721200
569802
984404
547558
-453786
-890625