77
80085
80085
-858572
35722
6329
151055
-366735
770744
80085
282048
826597
696579
-730305
-89227
950665
745767
80085
836125
-567893
80085
-312321
80085
874844
231678
867123
-842591
-59222
44629
913369
717173
-833839
-107951
285413
174860
115221
-934527
590999
424708
-909630
-615795
-419678
556588
-444657
395978
-87046
-222636
-728324
407720
-6839
835290
-88704
80085
-249944
-792768
-16799
453050
80085
-300431
628535
-297056
-291263
-807089
-301494
80085
-256567
737849
311931
-292827
-203209
-729755
128262
947848
-811357
635919
164310
65422
-709916