96
14961
80085
80085
-253896
-591881
265836
-231389
244138
-743740
80085
-509450
606360
-963030
945965
77330
80085
786471
80085
-305576
-353568
416725
80085
-182228
739650
-57745
-988695
-167849
60134
633054
80085
-165456
-309949
982757
-388015
-315752
-806653
-642335
924149
-818574
80085
921829
-926923
243344
463394
898971
871032
-954701
745805
20135
836907
368867
-694405
433895
241207
-786668
922733
534048
568195
781875
-949610
-11635
656734
-962746
-248632
80085
-543078
-982451
848136
-686290
-96675
385403
-654970
-281058
237933
80085
913394
284941
730265
639940
681608
-215356
520836
-782511
946454
80085
97477
825233
283638
-78248
-740809
80085
-519345
-548320
41058
669229
-347095