72
-398417
323865
454815
202690
-580932
906036
788951
537461
-19158
-499952
-429303
629559
-490866
626467
-935135
80085
-944782
76442
971797
287908
-53630
-104182
80085
-894791
254111
-762194
-441296
467432
-657862
564303
-713319
524768
-868045
-800210
-383534
-244651
-717712
80085
240721
289896
221234
-19155
44696
94225
-694606
707963
29832
-587334
-496136
49307
268176
578948
437426
-915655
-850987
-759800
-336558
517671
80085
-752691
-697700
-990372
-969346
-350666
333065
986890
542493
822493
-588811
-771756
80085
-793896