88
-998007
-427461
-467109
80085
673396
80085
-591763
592935
231145
80085
-696558
106884
900936
-200120
-882544
635108
-667971
-718152
813468
80085
204068
-140324
74399
375280
312917
-396811
455795
24668
273832
887532
536596
567368
942759
854693
-988798
-755214
80085
-526484
-459942
-350112
250897
80085
-907585
80085
780840
174823
378949
-134678
-818490
222409
-789531
-526143
-425276
584608
80085
-26057
-483809
615905
794079
80085
-110107
930200
862474
-167138
402178
461305
-745879
-813646
-167886
174950
-849127
-51995
-537490
893973
355701
141631
964052
44643
351212
-527315
-176477
329455
80085
860299
-433473
728729
632158
187951