100
275520
171748
303195
848308
667567
935561
783538
808918
27431
649743
29338
525478
699578
801672
314337
320581
599935
423636
423934
238378
29071
874177
754322
255099
362008
541825
76868
396322
4696
70029
953525
619321
231643
958138
826618
15010
738011
694885
934923
482143
560999
931461
695910
543306
599956
692530
415062
600197
683836
478741
648054
850177
794559
818065
959253
438391
860207
911151
442269
945564
841242
294055
225410
469969
902337
424483
98301
161836
406823
607864
783490
944958
530932
172797
323999
922125
544525
196548
221940
818501
211657
166713
409216
8216
800914
885448
385952
120418
112732
518281
97469
844920
936038
573971
510211
805397
845598
436726
418489
755025