100
990739
126101
596387
376966
12329
461513
117293
764040
854931
329500
765459
806877
269377
85387
835041
402981
567601
61622
499565
960678
795869
810139
347251
214789
424151
293872
573551
3682
285235
155099
10247
83155
750874
322480
683949
322362
405645
659953
386594
922562
622991
684615
440068
490699
268665
289051
971866
475412
759691
465942
712105
531056
801013
208709
131211
722935
590790
24665
384726
374412
244481
698820
5010
701544
935287
658258
433094
378018
388062
971212
274943
591678
526270
9242
606660
105129
368391
125584
42386
752543
28980
232708
115986
177972
802285
617819
845392
883897
631868
773219
920965
379318
39059
174971
2796
203192
127245
481956
889238
655173