100
469553
447566
124781
601558
189087
740826
70288
669209
661039
22651
543104
625435
258780
195789
588287
126146
991820
491124
771966
938692
83823
781800
953913
488940
534552
52465
256602
360594
778817
327061
209969
768036
285544
730206
403109
70190
790598
153455
266814
29725
729336
352263
974309
765539
716672
410834
644955
231970
204882
534304
701800
398088
981969
583584
729615
592476
948337
666344
140638
743595
689726
962270
18123
983973
390374
967824
944685
834071
916759
722130
794666
339058
546153
59522
126041
864841
242206
400700
466210
173020
10549
472527
944958
275728
236532
885966
704536
254638
322308
81751
379763
847355
227458
185200
993855
498124
649570
538833
915309
669159