91
526157
-471820
-991925
877275
578365
620499
80085
487441
-859798
292733
337107
295788
-551395
-529589
-364888
80085
633829
-321976
-939254
591006
809157
652273
278464
-849915
-800606
-315204
62477
753732
-741250
80085
506897
-395394
57279
-264297
-681702
859227
-319649
961396
-362500
-281063
566143
270948
-331202
-833576
-591175
-256730
-406455
-167095
-971834
519036
-738462
815629
-669685
-773062
-512323
-266903
-791504
80575
-39359
80085
-135343
-986667
122824
458667
800149
774361
519970
80085
-446955
522942
377261
886392
899646
-292477
830607
969430
-263677
-638235
829051
404200
900518
574719
-720806
860438
402975
-379558
-240260
870149
-485143
448939
-224957