91
-967506
882187
172382
-218706
81720
268605
-803444
-722901
-726989
-781840
110963
80085
-691450
-813102
-558977
-887037
-464775
-451506
-961225
-339311
-118192
-199176
-943406
976858
-79207
-738688
80085
740296
992194
-97147
-969698
-813744
74022
-149997
80085
409973
-722549
-391691
977695
841924
21533
139640
-268780
-669424
897261
665954
555583
-382742
617730
80085
-853242
750634
-155018
-931810
-326626
-306918
-76303
-411685
-779458
350886
912312
80085
586772
464798
943683
188996
-744810
80085
484868
832207
-822444
-284969
-181341
-904196
712978
-275727
-158534
-774594
432019
80085
-591345
-147546
42697
-576337
-100521
350422
900204
363214
-897776
-433049
811438