70
-483569
80085
-894087
981380
80085
80085
341162
416817
-475423
518596
-264458
80085
490836
202604
451553
-389224
-540890
-212951
-753494
-720595
81918
709637
-524294
-98702
-528415
-297806
-887390
-434873
610226
-313701
686026
97519
-95481
-165259
361874
31313
-46435
-632425
-952392
-68932
577155
313085
-200657
-740653
-409410
-121743
773159
80085
98979
-618182
963221
-386414
80085
64091
-495754
80085
-164076
80085
254250
-976326
678162
292999
72629
-941095
-333594
897265
80085
80085
996939
80085