71
96588
897966
405290
213214
-921243
497507
790599
-726421
-370326
-551468
58867
781208
-932562
-86410
938616
80085
-742115
-516368
511351
-377334
711171
80085
761606
301372
-579451
330077
-629413
731522
-849101
744715
-638040
503945
77614
-234211
-424201
80085
607896
-152628
457537
672385
-396554
63326
-299955
325464
164415
-111637
-803349
80085
905057
-904397
-817336
479085
684169
-604218
-17439
-866531
838923
-401653
642
-702754
-837061
216021
273697
-30553
-80607
518050
-914117
-675972
-614385
-218009
706872